# Created by Octave 3.8.2, Fri Jun 17 18:41:11 2016 BRT <vitors@buril-lx>
# name: B1_DIFFCOEF
# type: matrix
# rows: 12
# columns: 4
 1.11146 6.499999999999999e-05 0.302071 0.00012
 3.09643 0.00024 3.52836 0.0002
 1.34285 0.00016 0.160262 4.8e-05
 1.11151 7.499999999999999e-05 0.304819 0.00012
 3.09654 0.00022 3.51851 0.0002
 1.34283 0.00018 0.160489 5.1e-05
 1.1118 6.7e-05 0.308997 9.6e-05
 3.09526 0.00024 3.52432 0.00021
 1.34296 0.00017 0.16083 4.7e-05
 1.11225 7.2e-05 0.314123 0.0001
 3.09536 0.00023 3.52999 0.0002
 1.34367 0.00017 0.161342 4.8e-05


# name: B1_TOT
# type: matrix
# rows: 12
# columns: 4
 0.697365 3.7e-05 1.99074 9.000000000000001e-05
 0.167575 0.00012 0.0971079 2.3e-05
 0.9536480000000001 5.3e-05 3.11341 2.2e-05
 0.69773 3.4e-05 1.98521 8.6e-05
 0.167639 0.00013 0.0973513 2.4e-05
 0.953591 6.1e-05 3.11028 2.4e-05
 0.698125 3.5e-05 1.97681 7.2e-05
 0.167652 0.00012 0.0972258 2.7e-05
 0.953473 5.6e-05 3.10594 2.2e-05
 0.698495 3.6e-05 1.96633 7.7e-05
 0.16764 0.00012 0.0970636 2.5e-05
 0.953319 5.6e-05 3.09973 2.3e-05


# name: B1_NSF
# type: matrix
# rows: 12
# columns: 4
 0.00367255 0.00014 0.0804791 0.00015
 0 0 0 0
 0 0 0 0
 0.00367731 0.00014 0.079068 0.00014
 0 0 0 0
 0 0 0 0
 0.00368229 0.00013 0.0770918 0.00013
 0 0 0 0
 0 0 0 0
 0.003689 0.00014 0.07477780000000001 0.00013
 0 0 0 0
 0 0 0 0


# name: B1_S0
# type: matrix
# rows: 12
# columns: 8
 0.665646 3.7e-05 0.0272118 8.7e-05 0.000196427 0.00264 1.93638 9.399999999999999e-05
 0.166901 0.00014 0.000312207 0.00501 6.48462e-05 0.01298 0.0869045 0.00026
 0.8938469999999999 5.2e-05 0.0593203 0.00015 0.000236654 0.00334 3.09543 2.3e-05
 0.665927 3.4e-05 0.0272195 8.3e-05 0.000239108 0.00245 1.93158 8.899999999999999e-05
 0.166943 0.00016 0.000317242 0.00461 9.00431e-05 0.0123 0.08725579999999999 0.00027
 0.893807 5.9e-05 0.0593035 0.00015 0.00023645 0.00345 3.09231 2.4e-05
 0.666227 3.5e-05 0.0272501 7.4e-05 0.000287339 0.0021 1.9242 7.6e-05
 0.16696 0.00014 0.000320367 0.00442 9.131469999999999e-05 0.0132 0.08720020000000001 0.00027
 0.893729 5.6e-05 0.0592639 0.00014 0.000234756 0.0031 3.08801 2.3e-05
 0.66649 3.6e-05 0.0273014 8.500000000000001e-05 0.000365399 0.00202 1.91495 8.000000000000001e-05
 0.166922 0.00014 0.000321639 0.00458 9.26593e-05 0.01138 0.08720550000000001 0.00026
 0.893581 5.6e-05 0.0592562 0.00015 0.000237392 0.00329 3.08185 2.4e-05


